cam0:
  cam_overlaps:
  - 1
  camera_model: pinhole
  distortion_coeffs:
  - -0.17461027035150273
  - 0.027542740830885152
  - 6.248739713012134e-05
  - 9.109565479209673e-05
  distortion_model: radtan
  intrinsics:
  - 697.8773221181651
  - 697.2859406130203
  - 648.0856262566795
  - 371.49958099159505
  resolution:
  - 1280
  - 720
  rostopic: /zedm/zed_node/left_raw/image_raw_color
cam1:
  T_cn_cnm1:
  - - 0.999991121255849
    - 2.035090543025314e-06
    - 0.00421395364543694
    - -0.0629743390495159
  - - 1.9497109287952802e-05
    - 0.9999869452547057
    - -0.005109690795213231
    - -0.0001780264141736348
  - - -0.004213909032028837
    - 0.005109727587490735
    - 0.9999780665867872
    - -6.40422932695963e-05
  - - 0.0
    - 0.0
    - 0.0
    - 1.0
  cam_overlaps:
  - 0
  camera_model: pinhole
  distortion_coeffs:
  - -0.17586632015419967
  - 0.028610988452462068
  - -3.7003814169623655e-06
  - -2.7473840703144198e-05
  distortion_model: radtan
  intrinsics:
  - 695.4962586601407
  - 694.7575730655351
  - 646.8392006664676
  - 367.6212371061266
  resolution:
  - 1280
  - 720
  rostopic: /zedm/zed_node/right_raw/image_raw_color
