cam0:
  cam_overlaps: [1]
  camera_model: pinhole
  distortion_coeffs: [0.14655632604598726, 0.12297180523259119, -0.5214959677970255,
    0.5139323931960924]
  distortion_model: equidistant
  intrinsics: [698.556012835607, 699.1907430278537, 641.0077159827421, 368.1644084321484]
  resolution: [1280, 720]
  rostopic: /zedm/zed_node/left_raw/image_raw_color
cam1:
  T_cn_cnm1:
  - [0.9999956816225143, 0.00029784085839669114, 0.002923700933251551, -0.062421684917401604]
  - [-0.0002810221198796635, 0.9999834217813691, -0.005751277161941048, -0.0002341856117885678]
  - [-0.002925365428825057, 0.005750430701121079, 0.9999791871753434, -5.759928320471004e-05]
  - [0.0, 0.0, 0.0, 1.0]
  cam_overlaps: [0]
  camera_model: pinhole
  distortion_coeffs: [0.22834286859634897, -0.5718130159249208, 1.6170727444831785,
    -1.6613629469156743]
  distortion_model: equidistant
  intrinsics: [693.93451021037, 694.5577956988693, 640.5646956100311, 364.74017968589965]
  resolution: [1280, 720]
  rostopic: /zedm/zed_node/right_raw/image_raw_color
