cam0:
  cam_overlaps:
  - 1
  camera_model: pinhole
  distortion_coeffs:
  - 0
  - 0
  - 0
  - 0
  distortion_model: plumb_bob
  intrinsics:
  - 613.7755737304688
  - 613.7672119140625
  - 319.5116271972656
  - 250.294189453125
  resolution:
  - 640
  - 480
  rostopic: /camera/color/image_raw


cam1:
  T_cn_cnm1:
  - - 0.999991121255849
    - 2.035090543025314e-06
    - 0.00421395364543694
    - -0.0629743390495159
  - - 1.9497109287952802e-05
    - 0.9999869452547057
    - -0.005109690795213231
    - -0.0001780264141736348
  - - -0.004213909032028837
    - 0.005109727587490735
    - 0.9999780665867872
    - -6.40422932695963e-05
  - - 0.0
    - 0.0
    - 0.0
    - 1.0
  cam_overlaps:
  - 0
  camera_model: pinhole
  distortion_coeffs:
  - 0
  - 0
  - 0
  - 0
  distortion_model: plumb_bob
  intrinsics:
  - 613.7755737304688
  - 613.7672119140625
  - 319.5116271972656
  - 250.294189453125
  resolution:
  - 640
  - 480
  rostopic: /camera/color/image_raw
